100
0 0 0.0
0 1 92.0869154657707
0 2 35.77708763999664
0 3 47.80167361086848
0 4 77.98717843338096
0 5 53.36665625650534
0 6 74.33034373659252
0 7 81.39410298049853
0 8 81.04936767180853
0 9 97.12878049270464
1 0 92.0869154657707
1 1 0.0
1 2 63.245553203367585
1 3 46.87216658103186
1 4 57.42821606144492
1 5 40.792156108742276
1 6 30.4138126514911
1 7 16.278820596099706
1 8 20.808652046684813
1 9 43.56604182158393
2 0 35.77708763999664
2 1 63.245553203367585
2 2 0.0
2 3 32.202484376209235
2 4 72.2357252334328
2 5 34.40930106817051
2 6 55.90169943749474
2 7 57.14017850864661
2 8 48.093658625644196
2 9 82.3286098510111
3 0 47.80167361086848
3 1 46.87216658103186
3 2 32.202484376209235
3 3 0.0
3 4 40.162171256046406
3 5 6.082762530298219
3 6 26.832815729997478
3 7 34.058772731852805
3 8 42.80186911806539
3 9 51.73973328110612
4 0 77.98717843338096
4 1 57.42821606144492
4 2 72.2357252334328
4 3 40.162171256046406
4 4 0.0
4 5 39.6232255123179
4 6 28.231188426986208
4 7 41.677331968349414
4 8 67.35725647619564
4 9 26.30589287593181
5 0 53.36665625650534
5 1 40.792156108742276
5 2 34.40930106817051
5 3 6.082762530298219
5 4 39.6232255123179
5 5 0.0
5 6 22.20360331117452
5 7 28.160255680657446
5 8 37.53664875824692
5 9 48.104053883222775
6 0 74.33034373659252
6 1 30.4138126514911
6 2 55.90169943749474
6 3 26.832815729997478
6 4 28.231188426986208
6 5 22.20360331117452
6 6 0.0
6 7 14.142135623730951
6 8 39.293765408777
6 9 26.627053911388696
7 0 81.39410298049853
7 1 16.278820596099706
7 2 57.14017850864661
7 3 34.058772731852805
7 4 41.677331968349414
7 5 28.160255680657446
7 6 14.142135623730951
7 7 0.0
7 8 28.0
7 9 32.38826948140329
8 0 81.04936767180853
8 1 20.808652046684813
8 2 48.093658625644196
8 3 42.80186911806539
8 4 67.35725647619564
8 5 37.53664875824692
8 6 39.293765408777
8 7 28.0
8 8 0.0
8 9 60.207972893961475
9 0 97.12878049270464
9 1 43.56604182158393
9 2 82.3286098510111
9 3 51.73973328110612
9 4 26.30589287593181
9 5 48.104053883222775
9 6 26.627053911388696
9 7 32.38826948140329
9 8 60.207972893961475
9 9 0.0
